1703692571	0,000	unknown
1703692571	11301,000	discharging
1703692601	10932,000	discharging
1703692631	12242,000	discharging
1703692661	12982,000	discharging
1703692691	13686,000	discharging
1703692722	14295,000	discharging
1703692752	14661,000	discharging
1703692782	18203,000	discharging
1703692787	18353,000	discharging
1703692817	18440,000	discharging
1703692847	10122,000	discharging
1703692867	8518,000	discharging
1703692897	11685,000	discharging
1703692927	18975,000	discharging
1703692957	19631,000	discharging
1703692987	18836,000	discharging
1703693017	17765,000	discharging
1703693047	19106,000	discharging
1703693077	17107,000	discharging
1703693108	20372,000	discharging
1703693138	17894,000	discharging
1703693168	9515,000	discharging
1703694051	0,000	unknown
1703694051	6797,000	discharging
1703694081	7219,000	discharging
1703694111	8768,000	discharging
1703694141	9958,000	discharging
1703694171	10715,000	discharging
1703694201	11581,000	discharging
1703694231	12269,000	discharging
1703694261	18683,000	discharging
1703694292	19369,000	discharging
1703694322	18508,000	discharging
1703694352	17705,000	discharging
1703694382	18012,000	discharging
1703694412	18156,000	discharging
1703694442	11804,000	discharging
1703694472	10344,000	discharging
1703694502	10355,000	discharging
1703694532	9925,000	discharging
1703694562	14854,000	discharging
1703694592	6517,000	discharging
1703694622	14250,000	discharging
1703694652	13783,000	discharging
1703694682	6320,000	discharging
1703694712	8645,000	discharging
1703694742	14027,000	discharging
1703694772	13954,000	discharging
1703694802	14159,000	discharging
1703694832	15027,000	discharging
1703694862	15646,000	discharging
1703694892	13889,000	discharging
1703694922	17761,000	discharging
1703694952	17331,000	discharging
1703694983	16604,000	discharging
1703695013	14781,000	discharging
1703695043	14086,000	discharging
1703695073	17183,000	discharging
1703695103	14731,000	discharging
1703695133	14528,000	discharging
1703695163	17797,000	discharging
1703695193	17325,000	discharging
1703695223	17884,000	discharging
1703695235	17964,000	discharging
1703695237	0,000	charging
1703701137	14456,000	discharging
1703701167	17651,000	discharging
1703701197	19251,000	discharging
1703701227	20457,000	discharging
1703701257	21132,000	discharging
1703701287	21520,000	discharging
1703701317	21967,000	discharging
1703701347	22319,000	discharging
1703701377	22825,000	discharging
1703701407	25707,000	discharging
1703701437	26035,000	discharging
1703701467	26245,000	discharging
1703701497	26124,000	discharging
1703701527	25983,000	discharging
1703701557	26118,000	discharging
1703701587	26367,000	discharging
1703701617	25843,000	discharging
1703701647	25956,000	discharging
1703701677	26041,000	discharging
1703701707	26134,000	discharging
1703701737	9802,000	discharging
1703701767	25920,000	discharging
1703701797	25854,000	discharging
1703701828	25127,000	discharging
1703701858	26072,000	discharging
1703701888	26274,000	discharging
1703701918	25930,000	discharging
1703701948	25948,000	discharging
1703701978	26084,000	discharging
1703702008	25922,000	discharging
1703702038	26011,000	discharging
1703702068	25958,000	discharging
1703702098	25696,000	discharging
1703702128	26236,000	discharging
1703702158	26044,000	discharging
1703702188	26074,000	discharging
1703702218	25412,000	discharging
1703702248	24478,000	discharging
1703702278	25168,000	discharging
1703702308	20893,000	discharging
1703702338	24022,000	discharging
1703702368	19357,000	discharging
1703702398	24841,000	discharging
1703702428	24268,000	discharging
1703702458	22661,000	discharging
1703702488	21934,000	discharging
1703702519	19815,000	discharging
1703702549	21421,000	discharging
1703702579	19081,000	discharging
1703702609	21360,000	discharging
1703702639	17475,000	discharging
1703702669	22756,000	discharging
1703702699	21130,000	discharging
1703702729	12072,000	discharging
1703702759	12713,000	discharging
1703702789	12678,000	discharging
1703702819	12104,000	discharging
1703702849	14968,000	discharging
1703702879	23816,000	discharging
1703702903	22984,000	discharging
1703702933	24233,000	discharging
1703702963	23769,000	discharging
1703702993	24158,000	discharging
1703703023	24725,000	discharging
1703703053	24702,000	discharging
1703703083	24527,000	discharging
1703703113	24608,000	discharging
1703703143	24565,000	discharging
1703703173	24706,000	discharging
1703703203	24518,000	discharging
1703703233	24701,000	discharging
1703703263	24705,000	discharging
1703703293	24512,000	discharging
1703703323	24329,000	discharging
1703703353	24302,000	discharging
1703703383	24208,000	discharging
1703703413	22949,000	discharging
1703703443	23141,000	discharging
1703703473	22481,000	discharging
1703703503	22896,000	discharging
1703703533	22481,000	discharging
1703703563	15314,000	discharging
1703703593	13828,000	discharging
1703703624	22726,000	discharging
1703703654	24140,000	discharging
1703703684	24048,000	discharging
1703703714	23941,000	discharging
1703703744	24094,000	discharging
1703703774	23265,000	discharging
1703703804	23509,000	discharging
1703703834	23451,000	discharging
1703703864	23542,000	discharging
1703703894	23620,000	discharging
1703703924	23599,000	discharging
1703703954	23781,000	discharging
1703703984	23679,000	discharging
1703704014	23583,000	discharging
1703704044	23425,000	discharging
1703704074	22898,000	discharging
1703704104	22170,000	discharging
1703704134	21765,000	discharging
1703704164	19292,000	discharging
1703704194	15690,000	discharging
1703704224	20121,000	discharging
1703704254	18838,000	discharging
1703704284	22249,000	discharging
1703704314	22582,000	discharging
1703704344	19868,000	discharging
1703704375	20104,000	discharging
1703704405	16579,000	discharging
1703704435	16055,000	discharging
1703704465	22186,000	discharging
1703704495	18943,000	discharging
1703704525	22556,000	discharging
1703704555	22736,000	discharging
1703704585	22622,000	discharging
1703704615	14507,000	discharging
1703704645	14886,000	discharging
1703704675	15090,000	discharging
1703704705	15519,000	discharging
1703704735	13632,000	discharging
1703704765	15788,000	discharging
1703704795	14799,000	discharging
1703704825	14490,000	discharging
1703704855	15213,000	discharging
1703704885	21438,000	discharging
1703704915	21411,000	discharging
1703704945	21919,000	discharging
1703704975	21727,000	discharging
1703705005	21689,000	discharging
1703705035	21561,000	discharging
1703705065	21809,000	discharging
1703705095	21466,000	discharging
1703705125	21911,000	discharging
1703705155	21759,000	discharging
1703705185	21454,000	discharging
1703705215	21543,000	discharging
1703705245	21318,000	discharging
1703705275	21610,000	discharging
1703705305	21592,000	discharging
1703705336	21296,000	discharging
1703705366	21420,000	discharging
1703705396	21333,000	discharging
1703705426	21361,000	discharging
1703705456	21440,000	discharging
1703705486	13239,000	discharging
1703705516	21379,000	discharging
1703705546	21403,000	discharging
1703705576	21329,000	discharging
1703705606	20857,000	discharging
1703705636	21348,000	discharging
1703705666	21446,000	discharging
1703705696	21368,000	discharging
1703705726	21365,000	discharging
1703705756	21243,000	discharging
1703705786	21354,000	discharging
1703705816	21087,000	discharging
1703705846	21353,000	discharging
1703705876	21405,000	discharging
1703705906	20920,000	discharging
1703705936	21137,000	discharging
1703705966	21204,000	discharging
1703705996	20997,000	discharging
1703706027	20973,000	discharging
1703706057	20878,000	discharging
1703706087	11930,000	discharging
1703706117	20943,000	discharging
1703706147	21107,000	discharging
1703706177	20892,000	discharging
1703706207	21083,000	discharging
1703706237	20951,000	discharging
1703706247	21198,000	discharging
1703706277	21042,000	discharging
1703706307	19308,000	discharging
1703706337	17567,000	discharging
1703706367	14797,000	discharging
1703706397	16617,000	discharging
1703706427	15032,000	discharging
1703706457	15620,000	discharging
1703706487	15726,000	discharging
1703706517	15046,000	discharging
1703706547	17437,000	discharging
1703706577	18139,000	discharging
1703706607	19326,000	discharging
1703706637	19665,000	discharging
1703706667	18942,000	discharging
1703706697	14640,000	discharging
1703706727	17889,000	discharging
1703706757	17399,000	discharging
1703706787	15750,000	discharging
1703706817	15986,000	discharging
1703706848	18029,000	discharging
1703706878	17404,000	discharging
1703706908	17576,000	discharging
1703706938	17704,000	discharging
1703706968	18779,000	discharging
1703706998	13336,000	discharging
1703707028	16542,000	discharging
1703707058	15910,000	discharging
1703707088	6013,000	discharging
1703707118	8590,000	discharging
1703707148	9730,000	discharging
1703707178	8014,000	discharging
1703707208	9913,000	discharging
1703707238	10005,000	discharging
1703707268	9498,000	discharging
1703707298	13461,000	discharging
1703707328	10910,000	discharging
1703707358	4503,000	discharging
1703707388	2617,000	discharging
1703707418	2643,000	discharging
1703707448	9645,000	discharging
1703707478	9129,000	discharging
1703707508	9311,000	discharging
1703707538	15212,000	discharging
1703707569	18489,000	discharging
1703707599	16063,000	discharging
1703707629	16391,000	discharging
1703770137	0,000	unknown
1703778734	0,000	unknown
1703788922	97938,000	discharging
1703788922	0,000	discharging
1703788932	19282,000	discharging
1703800830	0,000	unknown
1703938433	0,000	unknown
1703938433	11700,000	discharging
1703938463	12231,000	discharging
1703938479	0,000	fully-charged
1703941200	378451,000	discharging
1703941202	0,000	discharging
1703941212	18560,000	discharging
1703941242	18725,000	discharging
1703941272	19091,000	discharging
1703941302	19393,000	discharging
1703941332	19533,000	discharging
1703941356	0,000	fully-charged
1703963953	14771,000	discharging
1703963955	0,000	discharging
1703963965	10561,000	discharging
1703963995	8694,000	discharging
1703964025	8444,000	discharging
1703964055	8398,000	discharging
1703964085	0,000	fully-charged
1703966815	42324,000	discharging
1703966815	0,000	discharging
1704024108	0,000	unknown
1704024108	11061,000	discharging
1704024138	10332,000	discharging
1704024168	10988,000	discharging
1704024198	12070,000	discharging
1704024228	12515,000	discharging
1704024259	13096,000	discharging
1704024289	13838,000	discharging
1704024319	21069,000	discharging
1704024349	20314,000	discharging
1704024379	7899,000	discharging
1704024409	7191,000	discharging
1704024439	3141,000	discharging
1704024469	3220,000	discharging
1704024499	3495,000	discharging
1704024529	3559,000	discharging
1704024559	3597,000	discharging
1704024589	6264,000	discharging
1704024619	5684,000	discharging
1704024649	3957,000	discharging
1704024679	5910,000	discharging
1704024709	8356,000	discharging
1704024739	9634,000	discharging
1704024769	9743,000	discharging
1704024799	8811,000	discharging
1704024829	9452,000	discharging
1704024859	9157,000	discharging
1704024889	9447,000	discharging
1704024919	9258,000	discharging
1704024949	9894,000	discharging
1704024979	9607,000	discharging
1704025009	9117,000	discharging
1704025040	5920,000	discharging
1704025070	5799,000	discharging
1704025100	8641,000	discharging
1704025130	10113,000	discharging
1704025160	9734,000	discharging
1704025190	9704,000	discharging
1704025220	9553,000	discharging
1704025250	9648,000	discharging
1704025280	7751,000	discharging
1704025310	9164,000	discharging
1704025340	9383,000	discharging
1704025370	9357,000	discharging
1704025400	9175,000	discharging
1704025430	8660,000	discharging
1704025460	9061,000	discharging
1704025490	8890,000	discharging
1704025520	9104,000	discharging
1704025542	8371,000	discharging
1704025572	8848,000	discharging
1704025602	9122,000	discharging
1704025632	8886,000	discharging
1704025662	8904,000	discharging
1704025692	9291,000	discharging
1704025722	15128,000	discharging
1704025752	14830,000	discharging
1704025782	15199,000	discharging
1704025812	14213,000	discharging
1704025842	14500,000	discharging
1704025872	13581,000	discharging
1704025902	14554,000	discharging
1704025932	14763,000	discharging
1704025962	13688,000	discharging
1704025992	13129,000	discharging
1704026022	14438,000	discharging
1704026053	13828,000	discharging
1704026083	14511,000	discharging
1704026113	14424,000	discharging
1704026143	14777,000	discharging
1704026173	14736,000	discharging
1704026203	16918,000	discharging
1704026233	15536,000	discharging
1704026263	13253,000	discharging
1704026293	14516,000	discharging
1704026323	15253,000	discharging
1704026353	16618,000	discharging
1704026383	16156,000	discharging
1704026413	16076,000	discharging
1704026443	15903,000	discharging
1704026473	15047,000	discharging
1704026503	12678,000	discharging
1704026533	14203,000	discharging
1704026563	14876,000	discharging
1704026593	15455,000	discharging
1704026623	14191,000	discharging
1704026653	13791,000	discharging
1704026683	16974,000	discharging
1704026713	16791,000	discharging
1704026743	15781,000	discharging
1704026774	16291,000	discharging
1704026804	13647,000	discharging
1704026834	11140,000	discharging
1704026864	13533,000	discharging
1704026894	16557,000	discharging
1704026924	15315,000	discharging
1704026954	14751,000	discharging
1704026984	16318,000	discharging
1704027014	15665,000	discharging
1704027044	16252,000	discharging
1704027074	15435,000	discharging
1704027104	14005,000	discharging
1704027134	16418,000	discharging
1704027164	12948,000	discharging
1704027194	14981,000	discharging
1704027224	16123,000	discharging
1704027254	13666,000	discharging
1704027284	5676,000	discharging
1704027314	13626,000	discharging
1704027344	15367,000	discharging
1704027374	15538,000	discharging
1704027404	13994,000	discharging
1704027434	14610,000	discharging
1704027464	15004,000	discharging
1704027494	13949,000	discharging
1704027525	14658,000	discharging
1704027555	13080,000	discharging
1704027585	13849,000	discharging
1704027615	13884,000	discharging
1704027645	13259,000	discharging
1704027675	13481,000	discharging
1704027705	13725,000	discharging
1704027735	13355,000	discharging
1704027765	13376,000	discharging
1704027795	14514,000	discharging
1704027825	12771,000	discharging
1704027855	13357,000	discharging
1704027885	15258,000	discharging
1704027915	14293,000	discharging
1704027945	13741,000	discharging
1704027975	13159,000	discharging
1704028005	13510,000	discharging
1704028035	13530,000	discharging
1704028065	11811,000	discharging
1704028095	14085,000	discharging
1704028125	13800,000	discharging
1704028155	12536,000	discharging
1704028185	14087,000	discharging
1704028215	11750,000	discharging
1704028245	12483,000	discharging
1704028275	12052,000	discharging
1704028306	12214,000	discharging
1704028336	13207,000	discharging
1704028366	12676,000	discharging
1704028396	14182,000	discharging
1704028426	12235,000	discharging
1704028456	9838,000	discharging
1704028486	13460,000	discharging
1704028516	12480,000	discharging
1704028546	12387,000	discharging
1704028576	13088,000	discharging
1704028606	14307,000	discharging
1704028636	13170,000	discharging
1704028666	13418,000	discharging
1704028696	12635,000	discharging
1704028726	13224,000	discharging
1704028756	13555,000	discharging
1704028786	12373,000	discharging
1704028816	13538,000	discharging
1704028846	12322,000	discharging
1704028876	9039,000	discharging
1704028906	12588,000	discharging
1704028936	13481,000	discharging
1704028966	14806,000	discharging
1704028997	12943,000	discharging
1704029027	13001,000	discharging
1704029057	12177,000	discharging
1704029087	12393,000	discharging
1704029117	12668,000	discharging
1704029147	12763,000	discharging
1704029177	11860,000	discharging
1704029207	10380,000	discharging
1704029237	11954,000	discharging
1704029267	10685,000	discharging
1704029297	12273,000	discharging
1704029327	12143,000	discharging
1704029357	12528,000	discharging
1704029387	13599,000	discharging
1704029417	12109,000	discharging
1704029447	12845,000	discharging
1704029477	11952,000	discharging
1704029507	6812,000	discharging
1704029537	7605,000	discharging
1704029567	7020,000	discharging
1704029597	5027,000	discharging
1704029627	6304,000	discharging
1704029657	5983,000	discharging
1704029687	6613,000	discharging
1704029717	6556,000	discharging
1704029748	6689,000	discharging
1704029778	6805,000	discharging
1704029808	7352,000	discharging
1704029838	7342,000	discharging
1704029868	7371,000	discharging
1704029898	6542,000	discharging
1704029928	6579,000	discharging
1704029958	3561,000	discharging
1704029988	6463,000	discharging
1704030018	5280,000	discharging
1704030048	5060,000	discharging
1704030078	3625,000	discharging
1704030108	9018,000	discharging
1704030138	11555,000	discharging
1704030168	11507,000	discharging
1704030198	11921,000	discharging
1704030228	11007,000	discharging
1704030258	10423,000	discharging
1704030288	12936,000	discharging
1704030318	11656,000	discharging
1704030348	11565,000	discharging
1704030378	10588,000	discharging
1704030408	11326,000	discharging
1704030438	10174,000	discharging
1704030469	10033,000	discharging
1704030499	12194,000	discharging
1704030529	11508,000	discharging
1704030559	11201,000	discharging
1704030589	11816,000	discharging
1704030619	10320,000	discharging
1704030649	9389,000	discharging
1704030679	11521,000	discharging
1704030709	10935,000	discharging
1704030739	4592,000	discharging
1704030769	4776,000	discharging
1704030799	7633,000	discharging
1704030829	7436,000	discharging
1704030859	6887,000	discharging
1704030889	11739,000	discharging
1704030919	4350,000	discharging
1704030949	3158,000	discharging
1704030979	2129,000	discharging
1704031009	2252,000	discharging
1704031039	2180,000	discharging
1704031044	0,000	pending-charge
1704039918	0,000	unknown
1704061695	0,000	unknown
1704061695	11340,000	discharging
1704061698	0,000	fully-charged
1704110045	0,000	unknown
1704126681	0,000	unknown
1704216351	0,000	unknown
1704269849	0,000	unknown
1704269849	11439,000	discharging
1704269880	11004,000	discharging
1704269910	12947,000	discharging
1704269940	14145,000	discharging
1704269970	13834,000	discharging
1704270000	14702,000	discharging
1704270030	15377,000	discharging
1704270060	26552,000	discharging
1704270090	25678,000	discharging
1704270120	25941,000	discharging
1704270150	25477,000	discharging
1704270180	25885,000	discharging
1704270210	26196,000	discharging
1704270240	26913,000	discharging
1704270270	25243,000	discharging
1704270300	26242,000	discharging
1704270330	26604,000	discharging
1704270360	26390,000	discharging
1704270390	26261,000	discharging
1704270420	26198,000	discharging
1704270450	26221,000	discharging
1704270480	22149,000	discharging
1704270510	24682,000	discharging
1704270540	22461,000	discharging
1704270571	21107,000	discharging
1704270601	19522,000	discharging
1704270631	23672,000	discharging
1704270661	23877,000	discharging
1704270691	22194,000	discharging
1704270721	22173,000	discharging
1704270751	22582,000	discharging
1704270781	24238,000	discharging
1704270811	24347,000	discharging
1704270841	23812,000	discharging
1704270871	24163,000	discharging
1704270901	24106,000	discharging
1704270931	24131,000	discharging
1704270961	24152,000	discharging
1704270991	23892,000	discharging
1704271021	24038,000	discharging
1704271051	24040,000	discharging
1704271081	24150,000	discharging
1704271111	24083,000	discharging
1704271141	23855,000	discharging
1704271171	23968,000	discharging
1704271201	24151,000	discharging
1704271231	23992,000	discharging
1704271262	24057,000	discharging
1704271292	23985,000	discharging
1704271322	23781,000	discharging
1704271352	23693,000	discharging
1704271382	24098,000	discharging
1704271412	24081,000	discharging
1704271442	24274,000	discharging
1704271472	23788,000	discharging
1704271502	24007,000	discharging
1704271532	23836,000	discharging
1704271562	23754,000	discharging
1704271592	23642,000	discharging
1704271622	23916,000	discharging
1704271652	20570,000	discharging
1704271682	21144,000	discharging
1704271712	22384,000	discharging
1704271742	22789,000	discharging
1704271772	22748,000	discharging
1704271802	21161,000	discharging
1704271832	21304,000	discharging
1704271862	22509,000	discharging
1704271892	22405,000	discharging
1704271922	22638,000	discharging
1704271953	22488,000	discharging
1704271983	22511,000	discharging
1704272013	21964,000	discharging
1704272043	22701,000	discharging
1704272073	22724,000	discharging
1704272103	22559,000	discharging
1704272133	22600,000	discharging
1704272163	22595,000	discharging
1704272193	22541,000	discharging
1704272223	22218,000	discharging
1704272253	22422,000	discharging
1704272283	22450,000	discharging
1704272313	22448,000	discharging
1704272343	22479,000	discharging
1704272373	22504,000	discharging
1704272403	21757,000	discharging
1704272433	21938,000	discharging
1704272463	22185,000	discharging
1704272493	22030,000	discharging
1704272523	22000,000	discharging
1704272553	22124,000	discharging
1704272583	21755,000	discharging
1704272614	22224,000	discharging
1704272644	22225,000	discharging
1704272674	22179,000	discharging
1704272704	21917,000	discharging
1704272734	22016,000	discharging
1704272764	21797,000	discharging
1704272794	21897,000	discharging
1704272824	20667,000	discharging
1704272854	21849,000	discharging
1704272884	21858,000	discharging
1704272914	21898,000	discharging
1704272944	21973,000	discharging
1704272974	21621,000	discharging
1704273004	21795,000	discharging
1704273034	21733,000	discharging
1704273064	21650,000	discharging
1704273094	21647,000	discharging
1704273124	21506,000	discharging
1704273154	21639,000	discharging
1704273184	21602,000	discharging
1704273214	21568,000	discharging
1704273244	21565,000	discharging
1704275498	0,000	discharging
1704275508	7858,000	discharging
1704275538	13779,000	discharging
1704275568	7191,000	discharging
1704275598	16395,000	discharging
1704275628	13439,000	discharging
1704275658	20305,000	discharging
1704275688	7844,000	discharging
1704275719	20747,000	discharging
1704275749	21495,000	discharging
1704275779	19739,000	discharging
1704275809	21643,000	discharging
1704275930	0,000	discharging
1704275940	10172,000	discharging
1704275970	18955,000	discharging
1704276000	21543,000	discharging
1704276030	21507,000	discharging
1704276255	0,000	discharging
1704276265	8127,000	discharging
1704276295	20512,000	discharging
1704276325	21051,000	discharging
1704276355	19709,000	discharging
1704276385	19639,000	discharging
1704276415	14904,000	discharging
1704276420	14256,000	discharging
1704276450	11186,000	discharging
1704276480	20389,000	discharging
1704276510	20820,000	discharging
1704276540	21095,000	discharging
1704276571	20719,000	discharging
1704276601	20940,000	discharging
1704276631	21206,000	discharging
1704276661	21321,000	discharging
1704276691	21325,000	discharging
1704276721	21166,000	discharging
1704276751	20543,000	discharging
1704276781	19861,000	discharging
1704276811	9979,000	discharging
1704276813	9527,000	discharging
1704276843	9471,000	discharging
1704276873	20791,000	discharging
1704276903	20281,000	discharging
1704276933	20895,000	discharging
1704276963	20920,000	discharging
1704276993	20118,000	discharging
1704277023	20698,000	discharging
1704277053	20500,000	discharging
1704277083	10371,000	discharging
1704277113	9408,000	discharging
1704277144	19132,000	discharging
1704277174	20405,000	discharging
1704277204	20579,000	discharging
1704277234	20324,000	discharging
1704277264	20436,000	discharging
1704277294	20454,000	discharging
1704277324	20394,000	discharging
1704277528	0,000	discharging
1704277538	7154,000	discharging
1704277568	19214,000	discharging
1704277598	20447,000	discharging
1704277628	10873,000	discharging
1704277658	9020,000	discharging
1704277689	9827,000	discharging
1704277719	10035,000	discharging
1704277749	9620,000	discharging
1704277779	9758,000	discharging
1704277809	9661,000	discharging
1704277839	12224,000	discharging
1704277869	13515,000	discharging
1704277899	9588,000	discharging
1704277929	9220,000	discharging
1704277959	9809,000	discharging
1704277989	9387,000	discharging
1704278019	9335,000	discharging
1704278049	9424,000	discharging
1704278079	9734,000	discharging
1704278109	9610,000	discharging
1704278139	9316,000	discharging
1704278169	9368,000	discharging
1704278199	12969,000	discharging
1704278229	16830,000	discharging
1704278259	18476,000	discharging
1704278289	19019,000	discharging
1704278319	18994,000	discharging
1704278349	19130,000	discharging
1704278380	18664,000	discharging
1704278410	16268,000	discharging
1704278440	18985,000	discharging
1704278470	14716,000	discharging
1704278500	13596,000	discharging
1704278530	16930,000	discharging
1704278560	17549,000	discharging
1704278590	18088,000	discharging
1704278620	16607,000	discharging
1704278650	16138,000	discharging
1704278680	17862,000	discharging
1704278710	18331,000	discharging
1704278740	18492,000	discharging
1704278770	18378,000	discharging
1704278800	18476,000	discharging
1704278830	11937,000	discharging
1704278860	17683,000	discharging
1704278890	9503,000	discharging
1704278920	14919,000	discharging
1704278950	17817,000	discharging
1704278980	17604,000	discharging
1704279010	9195,000	discharging
1704279041	17198,000	discharging
1704279071	13195,000	discharging
1704279101	17053,000	discharging
1704279131	15029,000	discharging
1704279161	12968,000	discharging
1704279191	16882,000	discharging
1704279221	17256,000	discharging
1704279251	16331,000	discharging
1704282542	0,000	discharging
1704282552	6655,000	discharging
1704282582	14149,000	discharging
1704282612	16567,000	discharging
1704282642	16582,000	discharging
1704282672	16474,000	discharging
1704282702	15893,000	discharging
1704282733	16391,000	discharging
1704282763	16353,000	discharging
1704282793	16421,000	discharging
1704282823	16418,000	discharging
1704282853	16298,000	discharging
1704282883	16288,000	discharging
1704282913	16862,000	discharging
1704282943	16984,000	discharging
1704282973	16783,000	discharging
1704283003	16762,000	discharging
1704283033	16739,000	discharging
1704283063	16838,000	discharging
1704283093	16742,000	discharging
1704283123	16748,000	discharging
1704283153	16897,000	discharging
1704283183	16865,000	discharging
1704283213	16720,000	discharging
1704283243	16670,000	discharging
1704283273	16483,000	discharging
1704283303	16786,000	discharging
1704283333	16638,000	discharging
1704283363	16486,000	discharging
1704283393	16434,000	discharging
1704283424	16524,000	discharging
1704283454	15549,000	discharging
1704283484	16823,000	discharging
1704283514	16520,000	discharging
1704283544	16836,000	discharging
1704283574	16468,000	discharging
1704283604	16493,000	discharging
1704283634	16434,000	discharging
1704283664	16467,000	discharging
1704283694	16627,000	discharging
1704283724	16324,000	discharging
1704283754	16228,000	discharging
1704283784	10425,000	discharging
1704283814	15722,000	discharging
1704283844	16008,000	discharging
1704283861	16174,000	discharging
1704283891	16393,000	discharging
1704283921	16443,000	discharging
1704283951	15959,000	discharging
1704283982	15360,000	discharging
1704284012	11616,000	discharging
1704284042	15226,000	discharging
1704284072	15228,000	discharging
1704284102	15301,000	discharging
1704284132	15280,000	discharging
1704284162	14544,000	discharging
1704284192	15639,000	discharging
1704284222	15503,000	discharging
1704284252	15648,000	discharging
1704284282	15198,000	discharging
1704284312	15608,000	discharging
1704284342	15430,000	discharging
1704284372	12285,000	discharging
1704284402	12406,000	discharging
1704284432	12567,000	discharging
1704284462	14893,000	discharging
1704284492	13148,000	discharging
1704284522	12321,000	discharging
1704284552	13001,000	discharging
1704284582	14824,000	discharging
1704284613	12331,000	discharging
1704284643	14877,000	discharging
1704284673	12817,000	discharging
1704284703	14703,000	discharging
1704284733	15273,000	discharging
1704284763	12082,000	discharging
1704284793	14874,000	discharging
1704284823	14851,000	discharging
1704284853	15223,000	discharging
1704284883	14992,000	discharging
1704284913	14952,000	discharging
1704284943	15281,000	discharging
1704284973	15003,000	discharging
1704285003	14682,000	discharging
1704285033	12614,000	discharging
1704285063	14436,000	discharging
1704285093	12174,000	discharging
1704285123	13881,000	discharging
1704285153	13167,000	discharging
1704285183	14615,000	discharging
1704285213	13510,000	discharging
1704285243	11837,000	discharging
1704285273	14728,000	discharging
1704285304	14659,000	discharging
1704285334	14558,000	discharging
1704285364	12110,000	discharging
1704285394	13546,000	discharging
1704285424	12466,000	discharging
1704285454	13922,000	discharging
1704285484	13900,000	discharging
1704285514	13877,000	discharging
1704285544	14089,000	discharging
1704285574	11374,000	discharging
1704285604	14212,000	discharging
1704285634	14445,000	discharging
1704285664	13497,000	discharging
1704285694	14238,000	discharging
1704285724	14254,000	discharging
1704285754	12989,000	discharging
1704285784	11832,000	discharging
1704285814	14345,000	discharging
1704285844	14180,000	discharging
1704285874	13063,000	discharging
1704285904	13906,000	discharging
1704285934	13756,000	discharging
1704285965	12715,000	discharging
1704285995	13442,000	discharging
1704286025	12892,000	discharging
1704286055	14141,000	discharging
1704286085	14006,000	discharging
1704286115	13753,000	discharging
1704286145	13992,000	discharging
1704286175	13895,000	discharging
1704286205	12488,000	discharging
1704286235	12100,000	discharging
1704286265	13919,000	discharging
1704286295	13837,000	discharging
1704286325	13665,000	discharging
1704286355	13470,000	discharging
1704286385	13678,000	discharging
1704286415	13596,000	discharging
1704286445	13575,000	discharging
1704286475	13522,000	discharging
1704286505	13639,000	discharging
1704286535	13510,000	discharging
1704286565	13618,000	discharging
1704286595	13496,000	discharging
1704286625	13454,000	discharging
1704286656	13384,000	discharging
1704286686	13273,000	discharging
1704286716	13207,000	discharging
1704286746	13502,000	discharging
1704286747	0,000	pending-charge
